total: 1998000
time: 1,0.903249
bfs time: 0.464203
