total: 19800
time: 0,0.010059
bfs time: 0.005098
